{
  "cameras": [
    {
      "label": "IMG_5581",
      "rotation": [
        [
          0.9960175609043213,
          0.08858199514051263,
          -0.010111800390253528
        ],
        [
          0.039489285464501075,
          -0.33662288995851564,
          0.9408111533615452
        ],
        [
          0.07993506554516161,
          -0.9374637380149182,
          -0.3387803494941635
        ]
      ],
      "translation": [
        -0.8891699212176479,
        8.243164770593228,
        10.645727162291578
      ],
      "center": [
        -0.29085472908987,
        12.83358557257052,
        -4.157689295266792
      ]
    },
    {
      "label": "IMG_5582",
      "rotation": [
        [
          0.9952495832998557,
          0.08902372907530953,
          -0.03940866152242928
        ],
        [
          0.05757175728428457,
          -0.21174193467352215,
          0.9756284363751976
        ],
        [
          0.07850961536438028,
          -0.9732626206539734,
          -0.21586132477379402
        ]
      ],
      "translation": [
        -0.9357473010514898,
        8.30125171963477,
        9.428645191532565
      ],
      "center": [
        -0.2868548451075383,
        11.017574741866598,
        -6.1005339419755735
      ]
    },
    {
      "label": "IMG_5583",
      "rotation": [
        [
          0.9940745470970616,
          0.07654706822744023,
          -0.07717733578943949
        ],
        [
          0.06920982104187948,
          0.10177806477887019,
          0.9923967080765732
        ],
        [
          0.08382001840326275,
          -0.99185773772031,
          0.09587717475616903
        ]
      ],
      "translation": [
        -0.990766124315793,
        8.302475346747775,
        9.943866441400253
      ],
      "center": [
        -0.4232125147624529,
        9.093731241209333,
        -9.269203713418655
      ]
    },
    {
      "label": "IMG_5584",
      "rotation": [
        [
          0.9941709407358933,
          0.058022676695055064,
          -0.09087084012734568
        ],
        [
          0.059326196570110463,
          0.4093609475833283,
          0.9104416604012602
        ],
        [
          0.09002523533339483,
          -0.9105256633301555,
          0.4035324936363196
        ]
      ],
      "translation": [
        -1.056407803790351,
        8.331442112208261,
        10.867623564619588
      ],
      "center": [
        -0.42238320128599705,
        6.54597872566592,
        -12.066727891755157
      ]
    },
    {
      "label": "IMG_5585",
      "rotation": [
        [
          0.9950419391241303,
          0.09491642043028135,
          0.02970542907941942
        ],
        [
          0.02432516616465761,
          -0.5218673282162138,
          0.8526797628837762
        ],
        [
          0.09643560377346194,
          -0.847729535213427,
          -0.5215887359325113
        ]
      ],
      "translation": [
        -1.4531252130018806,
        11.76074835720796,
        13.454192889853207
      ],
      "center": [
        -0.13762484289186427,
        17.680992451841526,
        -2.9674309501907867
      ]
    },
    {
      "label": "IMG_5586",
      "rotation": [
        [
          0.9949329750126868,
          0.10053965894866511,
          -0.0003901421419375828
        ],
        [
          0.048869324247408974,
          -0.4802086992367656,
          0.8757918670123258
        ],
        [
          0.08786446596893668,
          -0.8713732737213247,
          -0.48268877495149365
        ]
      ],
      "translation": [
        -1.6588972386579937,
        13.482001873050491,
        15.256331909685935
      ],
      "center": [
        -0.3488542120293535,
        19.934919426292915,
        -4.444014637444822
      ]
    },
    {
      "label": "IMG_5587",
      "rotation": [
        [
          0.9953044216216739,
          0.09230783836559117,
          -0.029126813705196014
        ],
        [
          0.0459505508858854,
          -0.1857499578798492,
          0.981522032366527
        ],
        [
          0.08519187269704172,
          -0.9782516118688006,
          -0.18911935041783728
        ]
      ],
      "translation": [
        -1.7108032406300042,
        14.025407499353973,
        15.898502484968871
      ],
      "center": [
        -0.29612837084368104,
        18.315875083485057,
        -10.809362258237032
      ]
    },
    {
      "label": "IMG_5588",
      "rotation": [
        [
          0.9963469200392386,
          0.07269672520841924,
          -0.044810724969534435
        ],
        [
          0.027454016576347662,
          0.22420388639906835,
          0.9741554774764546
        ],
        [
          0.0808646517469117,
          -0.9718270440091306,
          0.22138903457562115
        ]
      ],
      "translation": [
        -1.743785584555269,
        13.871619045625037,
        16.37429183459517
      ],
      "center": [
        0.03248233035425785,
        12.929676232143816,
        -17.216342632118184
      ]
    },
    {
      "label": "IMG_5589",
      "rotation": [
        [
          0.9972050980033667,
          0.013294499743201484,
          -0.07352039711994295
        ],
        [
          0.04362815937665937,
          0.6952198120981944,
          0.717471948284779
        ],
        [
          0.0606512673033376,
          -0.7186742441069737,
          0.6926967263036325
        ]
      ],
      "translation": [
        -1.6762775046478386,
        13.392651106652304,
        16.61424647734966
      ],
      "center": [
        0.07962065220489745,
        2.6516799135078024,
        -21.240726214874833
      ]
    },
    {
      "label": "IMG_5590",
      "rotation": [
        [
          0.9968725253259662,
          -0.0013322878317564013,
          -0.07901514575930489
        ],
        [
          0.051490120595154044,
          0.7694426974281252,
          0.6366370259854723
        ],
        [
          0.05994944312774998,
          -0.6387144591941408,
          0.767104884539923
        ]
      ],
      "translation": [
        -1.713016760000838,
        13.08010656640121,
        17.085949633113277
      ],
      "center": [
        0.009869913152350085,
        0.8463683692482515,
        -21.56934983355061
      ]
    },
    {
      "label": "IMG_5591",
      "rotation": [
        [
          0.9970467891659598,
          -0.03419148385619708,
          -0.06876512666724205
        ],
        [
          0.06249458180716838,
          0.8816459579232863,
          0.46775509844605445
        ],
        [
          0.04463325507508442,
          -0.47067116685563254,
          0.8811790540135191
        ]
      ],
      "translation": [
        -1.5832861624545973,
        12.683335231994484,
        17.154128460180058
      ],
      "center": [
        0.020326062208648632,
        -3.1623924847928873,
        -21.15742828254542
      ]
    },
    {
      "label": "IMG_5592",
      "rotation": [
        [
          0.9960676905783876,
          -0.0620123700635236,
          -0.06327417913289873
        ],
        [
          0.07317355468844497,
          0.9784785531740356,
          0.1929387256947227
        ],
        [
          0.04994783959386753,
          -0.196810027533027,
          0.9791685382927472
        ]
      ],
      "translation": [
        -1.5635200205302902,
        12.528781132824186,
        16.94062868962543
      ],
      "center": [
        -0.20555147978827015,
        -9.022015619162849,
        -19.103948143912802
      ]
    },
    {
      "label": "IMG_5593",
      "rotation": [
        [
          0.9969197023395687,
          -0.07321298744777596,
          -0.028124109873164008
        ],
        [
          0.07304111627861476,
          0.9973037143964729,
          -0.007092008444088804
        ],
        [
          0.028567506365797607,
          0.005015946567592855,
          0.9995792804275561
        ]
      ],
      "translation": [
        -1.528960427606953,
        12.409949158994305,
        16.921628580724423
      ],
      "center": [
        0.1344055026455952,
        -12.573306137128506,
        -16.869498507214324
      ]
    },
    {
      "label": "IMG_5594",
      "rotation": [
        [
          0.9975909941848893,
          0.05361987081817143,
          -0.04401270015173169
        ],
        [
          0.021931190543478755,
          0.35814182043216214,
          0.9334095881974229
        ],
        [
          0.06581209009406455,
          -0.9321262499849361,
          0.3561031071002763
        ]
      ],
      "translation": [
        -1.4225041950900947,
        8.918221167669229,
        17.020955718069487
      ],
      "center": [
        0.10330549527039135,
        12.747966151817103,
        -14.448176615191516
      ]
    },
    {
      "label": "IMG_5595",
      "rotation": [
        [
          0.9975813659401138,
          0.057130855844591155,
          -0.039591459173932364
        ],
        [
          0.0427017659860577,
          -0.05428905360248437,
          0.9976117771160378
        ],
        [
          0.054845031777988565,
          -0.9968895445180528,
          -0.056597336685221544
        ]
      ],
      "translation": [
        -1.4269653872899248,
        8.825920494378817,
        16.58113469259308
      ],
      "center": [
        0.13723882950905575,
        17.090234435938676,
        -7.922889808135916
      ]
    },
    {
      "label": "IMG_5596",
      "rotation": [
        [
          0.9930808714516439,
          -0.018007606895064678,
          -0.11604356445213476
        ],
        [
          0.06478599842148429,
          0.9081993430219828,
          0.4134933224889734
        ],
        [
          0.0979446637922423,
          -0.41815030722020463,
          0.9030820358119592
        ]
      ],
      "translation": [
        -1.2237137299435896,
        6.988705311815835,
        15.957307493523876
      ],
      "center": [
        -0.8004566714424226,
        0.3033793022579818,
        -17.442544819699712
      ]
    },
    {
      "label": "IMG_5597",
      "rotation": [
        [
          0.063009081313806,
          0.9970037619707941,
          -0.04487041662470477
        ],
        [
          -0.9886831188583909,
          0.05622368056685326,
          -0.13908482385925852
        ],
        [
          -0.13614531264951701,
          0.05312623042905293,
          0.9892633913594318
        ]
      ],
      "translation": [
        -1.26632759636663,
        7.076141880736994,
        15.947519221957174
      ],
      "center": [
        9.247032153078456,
        0.01745505575922668,
        -14.848933649029986
      ]
    },
    {
      "label": "IMG_5597(1)",
      "rotation": [
        [
          0.06300946697637273,
          0.9970037564447125,
          -0.04486999784361892
        ],
        [
          -0.9886839250919589,
          0.05622444452869786,
          -0.13907878379608218
        ],
        [
          -0.13613927918169455,
          0.053125525621609715,
          0.9892642595339814
        ]
      ],
      "translation": [
        -1.2663251128834887,
        7.076106205360682,
        15.94748291635755
      ],
      "center": [
        9.246901756860453,
        0.017462341329500086,
        -14.8489586387122
      ]
    },
    {
      "label": "IMG_5598",
      "rotation": [
        [
          0.9957079407757057,
          -0.09108338119524148,
          -0.01641689210067382
        ],
        [
          0.08648082866908532,
          0.9788297323965192,
          -0.18550854764475863
        ],
        [
          0.03296608786178823,
          0.18329258753861696,
          0.9825055034983203
        ]
      ],
      "translation": [
        -1.2255239986458362,
        7.000190719517378,
        15.82122536259422
      ],
      "center": [
        0.09331777741291736,
        -9.863533012983856,
        -14.265965072474598
      ]
    },
    {
      "label": "IMG_5599",
      "rotation": [
        [
          0.9962093401991783,
          -0.08650625968590067,
          -0.00914426241273441
        ],
        [
          0.07715379617776355,
          0.9272402671500971,
          -0.36643250225761415
        ],
        [
          0.04017763352012614,
          0.364337966743204,
          0.930399701071615
        ]
      ],
      "translation": [
        -1.242378411176125,
        7.127593147299458,
        15.728437820090068
      ],
      "center": [
        0.05581669777103371,
        -12.446931938923036,
        -12.033312688303829
      ]
    },
    {
      "label": "IMG_5600",
      "rotation": [
        [
          0.9747478237401552,
          -0.0958890089075518,
          0.2016729483211807
        ],
        [
          0.112776346309398,
          0.9908640493578489,
          -0.0739589846013961
        ],
        [
          -0.19273862048622437,
          0.09483529754734915,
          0.9766565878097443
        ]
      ],
      "translation": [
        0.9745767976044113,
        6.117721653002807,
        21.600173370281187
      ],
      "center": [
        2.5232867093551787,
        -8.016838115356915,
        -20.84003691452596
      ]
    },
    {
      "label": "IMG_5601",
      "rotation": [
        [
          0.9943881494519948,
          -0.1057600373631071,
          0.0026500427149987113
        ],
        [
          0.09337653735606549,
          0.8656290628522415,
          -0.49190156313732336
        ],
        [
          0.04972957370447141,
          0.48938853689323847,
          0.8706467880011197
        ]
      ],
      "translation": [
        -0.9717131311398558,
        6.692884157391378,
        17.459502454714087
      ],
      "center": [
        -0.5269519394352139,
        -14.440803819193318,
        -11.906244472072393
      ]
    },
    {
      "label": "IMG_5602",
      "rotation": [
        [
          0.9958214825602116,
          -0.0888074873677843,
          0.021279216597485228
        ],
        [
          0.08263351592311913,
          0.777087374349055,
          -0.6239446407121995
        ],
        [
          0.0388751452443008,
          0.6230958536330612,
          0.781178776124596
        ]
      ],
      "translation": [
        -1.0036547442617791,
        6.735623077519479,
        17.33066299578683
      ],
      "center": [
        -0.2308593025602219,
        -16.121963961323857,
        -9.314333200708651
      ]
    },
    {
      "label": "IMG_5603",
      "rotation": [
        [
          0.9965448643593358,
          -0.07914907037167301,
          -0.025174550211151583
        ],
        [
          0.06117918517543777,
          0.9045203250805877,
          -0.42201906214930335
        ],
        [
          0.05617330878899108,
          0.419020770577555,
          0.9062373603004282
        ]
      ],
      "translation": [
        -0.8383012759878351,
        5.006128480066909,
        13.827832743607965
      ],
      "center": [
        -0.24762114851170314,
        -10.388644858515288,
        -10.439720855650783
      ]
    },
    {
      "label": "IMG_5604",
      "rotation": [
        [
          0.9944863401903691,
          -0.09688649215703049,
          -0.040123893284082175
        ],
        [
          0.06178434317866052,
          0.8504986653605852,
          -0.5223358260332576
        ],
        [
          0.08473260359948967,
          0.5169768155897996,
          0.8517953733320475
        ]
      ],
      "translation": [
        -0.8266160281369033,
        4.941018025006113,
        13.658566197252311
      ],
      "center": [
        -0.6405450800735262,
        -11.343579221295233,
        -9.08659981493211
      ]
    },
    {
      "label": "IMG_5605",
      "rotation": [
        [
          0.9936991257038003,
          -0.09941977319977244,
          -0.051747041194730295
        ],
        [
          0.04985402547511439,
          0.805580241147962,
          -0.5903855106757941
        ],
        [
          0.10038238749616359,
          0.5840857674767445,
          0.8054608572188178
        ]
      ],
      "translation": [
        -0.8220986548481644,
        4.879502088186519,
        13.604774490096634
      ],
      "center": [
        -0.7920238515082352,
        -11.95891848009225,
        -8.119867163842898
      ]
    },
    {
      "label": "IMG_5606",
      "rotation": [
        [
          0.9937220934604034,
          -0.10625917733282544,
          -0.035005545292476514
        ],
        [
          0.0510762091832741,
          0.7092767387048142,
          -0.7030773277440605
        ],
        [
          0.09953703744907644,
          0.696875523436441,
          0.7102512815976094
        ]
      ],
      "translation": [
        -0.7897069497328696,
        4.74809090171863,
        13.513351216721903
      ],
      "center": [
        -0.8028441869299752,
        -12.868747743191163,
        -6.287244079685783
      ]
    },
    {
      "label": "IMG_5607",
      "rotation": [
        [
          0.9955933110624311,
          -0.09208549470878674,
          -0.017726269545055927
        ],
        [
          0.03931719443947533,
          0.5815048918229354,
          -0.8125922833791892
        ],
        [
          0.08513587486573726,
          0.8083144947668788,
          0.5825629239495176
        ]
      ],
      "translation": [
        -0.7712896672218696,
        4.59150661141458,
        13.422090943954833
      ],
      "center": [
        -0.5553357796745456,
        -13.59027880602278,
        -4.101861792845142
      ]
    },
    {
      "label": "IMG_5608",
      "rotation": [
        [
          0.9961568285767337,
          -0.08352998769289582,
          0.0263498393916919
        ],
        [
          0.05656149935916623,
          0.3837880456167858,
          -0.9216873292130526
        ],
        [
          0.06687577790341068,
          0.9196355132321024,
          0.3870376637126429
        ]
      ],
      "translation": [
        -0.7333141256625806,
        4.699199270264322,
        13.245691112567222
      ],
      "center": [
        -0.4211137797643194,
        -14.045958168209847,
        -0.776066208182618
      ]
    },
    {
      "label": "IMG_5609",
      "rotation": [
        [
          0.9958252455503416,
          -0.08209462699595486,
          0.03990679820529111
        ],
        [
          0.05946284865836589,
          0.2517327067083062,
          -0.9659683297100079
        ],
        [
          0.06925496338916877,
          0.9643086210294423,
          0.2555633648515763
        ]
      ],
      "translation": [
        -0.6983188455394911,
        4.624398102870704,
        13.120999154781003
      ],
      "center": [
        -0.4882706647889131,
        -13.874133077956555,
        1.1416430863855176
      ]
    },
    {
      "label": "IMG_5610",
      "rotation": [
        [
          0.9894963097617168,
          -0.1092953464122938,
          0.0946127909986895
        ],
        [
          0.14086071846169412,
          0.5819080684466889,
          -0.8009627069165571
        ],
        [
          0.03248555005537593,
          0.8058768684664299,
          0.5911913073687225
        ]
      ],
      "translation": [
        -0.7463305909400801,
        4.192748825620426,
        12.900411876708494
      ],
      "center": [
        -0.2711792220646068,
        -12.917508356202775,
        -4.197763493979595
      ]
    },
    {
      "label": "IMG_5611",
      "rotation": [
        [
          0.9855859572141796,
          -0.12080546669942893,
          0.11843293527453613
        ],
        [
          0.1679825242818819,
          0.6158407079535495,
          -0.7697545673545289
        ],
        [
          0.020054737048793625,
          0.7785539555116293,
          0.6272571608830778
        ]
      ],
      "translation": [
        0.0375074186930877,
        -5.195457896391462,
        9.804950251316754
      ],
      "center": [
        0.6391436480141535,
        -4.429577231480916,
        -10.153894816176642
      ]
    },
    {
      "label": "IMG_5612",
      "rotation": [
        [
          0.9863295086661872,
          -0.10828066073756637,
          0.1242151313027276
        ],
        [
          0.15783129263327486,
          0.4041038194478208,
          -0.9009935550121281
        ],
        [
          0.047364368464357334,
          0.9082815651646345,
          0.41566959833749473
        ]
      ],
      "translation": [
        0.03624943676865164,
        -5.1954069285242905,
        9.590162953828788
      ],
      "center": [
        0.33001189034903466,
        -6.607159321520495,
        -8.671870069822743
      ]
    },
    {
      "label": "IMG_5613",
      "rotation": [
        [
          0.9832856991045812,
          -0.11026951017560208,
          0.14487880818825175
        ],
        [
          0.15902049679681593,
          0.1326170919665885,
          -0.9783277510716022
        ],
        [
          0.08866631567235275,
          0.9850143867192792,
          0.14793560227724933
        ]
      ],
      "translation": [
        0.04661148582087516,
        -5.280937553842724,
        9.285286880999381
      ],
      "center": [
        -0.0293472717556974,
        -8.440658755642378,
        -6.546865284171817
      ]
    },
    {
      "label": "IMG_5614",
      "rotation": [
        [
          0.9984888754262607,
          0.05488947771533866,
          0.002666624483811053
        ],
        [
          0.012788303059214069,
          -0.2792752685226465,
          0.960125920750226
        ],
        [
          0.05344553259970396,
          -0.9586409492754526,
          -0.2795551920773301
        ]
      ],
      "translation": [
        -0.8618452400326938,
        7.781502902359114,
        7.950896253957559
      ],
      "center": [
        0.33609078220244526,
        9.842542280147455,
        -5.246210091867742
      ]
    },
    {
      "label": "IMG_5615",
      "rotation": [
        [
          0.9967272152010386,
          0.07227883700722383,
          -0.03620259933302337
        ],
        [
          0.039398185716689134,
          -0.043286696013546955,
          0.9982855527906156
        ],
        [
          0.0705878278445902,
          -0.9964446957403683,
          -0.045992683016633895
        ]
      ],
      "translation": [
        -0.6617835294550183,
        10.324639870526196,
        3.9027588131767437
      ],
      "center": [
        -0.022641691920786633,
        4.3836358095283,
        -10.151398755489517
      ]
    },
    {
      "label": "IMG_5616",
      "rotation": [
        [
          0.9923899696941063,
          0.051307519387234414,
          -0.11193608222936648
        ],
        [
          0.09815045706252606,
          0.21932586305581586,
          0.9707021446217364
        ],
        [
          0.07435479694645233,
          -0.97430164951577,
          0.21262093011249306
        ]
      ],
      "translation": [
        -0.8427409724842012,
        13.420769770512264,
        2.379896829008288
      ],
      "center": [
        -0.6578837444375505,
        -0.5815455578267308,
        -13.627918998860387
      ]
    },
    {
      "label": "IMG_5617",
      "rotation": [
        [
          0.9800899308013762,
          0.10750400534439185,
          0.16693296971139648
        ],
        [
          0.02137015200663321,
          -0.8929730028720926,
          0.44960263872091866
        ],
        [
          0.19740071971744794,
          -0.4370836361344496,
          -0.8774912255279375
        ]
      ],
      "translation": [
        -0.6088831528961612,
        13.119810200261735,
        5.2022064488952005
      ],
      "center": [
        -0.7105313882203094,
        14.054892999967887,
        -1.2321681003447171
      ]
    },
    {
      "label": "IMG_5618",
      "rotation": [
        [
          0.9825330939151983,
          0.10364984964892515,
          0.15454911202974714
        ],
        [
          -0.05517846060231611,
          -0.6308918824961288,
          0.7739061765395399
        ],
        [
          0.17771903906725015,
          -0.7689162121247326,
          -0.6141529140896156
        ]
      ],
      "translation": [
        -0.6382956444749586,
        9.799577906516662,
        8.45673306766722
      ],
      "center": [
        -0.3350502566014233,
        12.751152558031812,
        -2.2915785870817613
      ]
    },
    {
      "label": "IMG_5619",
      "rotation": [
        [
          0.9885184626949635,
          0.09032114078630346,
          0.12113356445777812
        ],
        [
          -0.037773443228418496,
          -0.6285058075423452,
          0.77688713264683
        ],
        [
          0.14630248083288058,
          -0.7725429058716449,
          -0.6178778541827984
        ]
      ],
      "translation": [
        -0.6611324628190441,
        8.347327049686314,
        9.910260405082628
      ],
      "center": [
        -0.48104675275947195,
        12.96215913772307,
        -0.2815152116108983
      ]
    },
    {
      "label": "IMG_5620",
      "rotation": [
        [
          0.9893373368787682,
          0.07436190505317003,
          0.1252275566099176
        ],
        [
          0.019235270647428304,
          -0.9190127984182347,
          0.3937581500192797
        ],
        [
          0.14436633340480376,
          -0.3871508535704765,
          -0.9106440459141563
        ]
      ],
      "translation": [
        -0.6592573981036851,
        8.024063395430112,
        9.639000235085419
      ],
      "center": [
        -0.8936641941730185,
        11.15498776034228,
        5.700715007565244
      ]
    },
    {
      "label": "IMG_5621",
      "rotation": [
        [
          0.9860577808554181,
          0.04571144292594008,
          0.16000161499221432
        ],
        [
          0.0313809320139553,
          -0.9953587780682362,
          0.09097329294052711
        ],
        [
          0.1634175324756306,
          -0.08468392355185243,
          -0.9829157355396446
        ]
      ],
      "translation": [
        -0.5841716862862295,
        7.58360231597122,
        9.371768115265853
      ],
      "center": [
        -1.193464692410937,
        8.368746559896046,
        8.615221488526737
      ]
    },
    {
      "label": "IMG_5622",
      "rotation": [
        [
          0.9674686353444051,
          0.07275669193186135,
          0.24230332932910265
        ],
        [
          0.07402009710315693,
          -0.9972491329461924,
          0.0038976996942038378
        ],
        [
          0.24192036881931758,
          0.014164413761225292,
          -0.9701927151515444
        ]
      ],
      "translation": [
        -0.3106603865062123,
        5.4237167547143805,
        10.727856095178543
      ],
      "center": [
        -2.696196763841404,
        5.279445660518126,
        10.462221859541138
      ]
    },
    {
      "label": "IMG_5623",
      "rotation": [
        [
          0.9928219440232028,
          0.11654530012066502,
          0.02686597263773264
        ],
        [
          0.0568432288785787,
          -0.6574376703614734,
          0.7513618016111385
        ],
        [
          0.10523038913091967,
          -0.7444413359086544,
          -0.6593433571318459
        ]
      ],
      "translation": [
        0.013058347887616442,
        0.819421261811728,
        3.658367416432341
      ],
      "center": [
        -0.444514591483705,
        3.2606364430701036,
        1.7960875932018827
      ]
    },
    {
      "label": "IMG_5624",
      "rotation": [
        [
          0.9939898666407458,
          0.07718049502330278,
          0.07763579202578241
        ],
        [
          0.04203170799069979,
          -0.9238938172254316,
          0.38033347212151064
        ],
        [
          0.10108155390028971,
          -0.37478445229301716,
          -0.9215851202035138
        ]
      ],
      "translation": [
        0.05781244207694463,
        0.4812199628848235,
        3.4850858192178804
      ],
      "center": [
        -0.4299693686319158,
        1.74629013548647,
        3.0242908595557143
      ]
    },
    {
      "label": "IMG_5625",
      "rotation": [
        [
          0.9975650816643956,
          0.06942600417905678,
          0.006628558488618976
        ],
        [
          0.06323648271174334,
          -0.9405039130810604,
          0.33384657663881984
        ],
        [
          0.029411819021523372,
          -0.3326145207638139,
          -0.9426041191714065
        ]
      ],
      "translation": [
        -0.01056101300871651,
        1.0258707401182905,
        0.5964198140617164
      ],
      "center": [
        -0.07187895114950842,
        1.1639465449580748,
        0.21977434312002186
      ]
    },
    {
      "label": "IMG_5626",
      "rotation": [
        [
          0.9993541240223005,
          0.03282300227678354,
          -0.01462823711722929
        ],
        [
          0.0347858407799173,
          -0.9857395926085872,
          0.16464325326320348
        ],
        [
          -0.009015546619804235,
          -0.16504576966828122,
          -0.9862447028165732
        ]
      ],
      "translation": [
        -0.045211019095169655,
        1.0598612917133647,
        0.4419293908941723
      ],
      "center": [
        0.012297887267938281,
        1.1191697757570032,
        0.26069015220526703
      ]
    },
    {
      "label": "IMG_5627",
      "rotation": [
        [
          0.9998229405004231,
          0.013591565030325098,
          -0.013013723875745582
        ],
        [
          0.01300226900223036,
          -0.9989317117895031,
          -0.044343840407515225
        ],
        [
          -0.01360252365854756,
          0.04416678097077037,
          -0.9989315626251873
        ]
      ],
      "translation": [
        -0.007241300567529523,
        0.9067356339722632,
        0.3182477845354811
      ],
      "center": [
        -0.0002206291819162728,
        0.8918094193980094,
        0.3580216606666181
      ]
    },
    {
      "label": "IMG_5628",
      "rotation": [
        [
          0.9996147686115382,
          0.0061171356262423445,
          -0.027072034009855705
        ],
        [
          -0.0009289724167884737,
          -0.9674885424030061,
          -0.2529131418672336
        ],
        [
          -0.027738986714540847,
          0.25284086095929376,
          -0.9671101527982287
        ]
      ],
      "translation": [
        0.034452767815237005,
        0.5573112209026615,
        0.05322035956379634
      ],
      "center": [
        -0.03244548992898667,
        0.5255251869898571,
        0.1933539884481035
      ]
    },
    {
      "label": "IMG_5629",
      "rotation": [
        [
          0.9990593233291463,
          -0.02909374287226994,
          -0.03215622171198796
        ],
        [
          -0.03961550706308341,
          -0.9139389235435105,
          -0.4039136734900957
        ],
        [
          -0.017637462097565903,
          0.404807606348758,
          -0.9142317658957958
        ]
      ],
      "translation": [
        0.02994440588329277,
        0.46693035194998145,
        0.10075711623109468
      ],
      "center": [
        -0.009641455405027297,
        0.38682977103207694,
        0.2816778089732789
      ]
    },
    {
      "label": "IMG_5630",
      "rotation": [
        [
          0.9991965949807904,
          -0.007955516163225745,
          -0.03927943916822728
        ],
        [
          -0.028422053029890048,
          -0.8316554237616721,
          -0.5545641919826415
        ],
        [
          -0.028255114233708734,
          0.5552350546303526,
          -0.8312133797222409
        ]
      ],
      "translation": [
        0.03089863622558086,
        0.26208343508007165,
        0.27267415694369124
      ],
      "center": [
        -0.015720423363024733,
        0.06681067443543018,
        0.37320617706529724
      ]
    },
    {
      "label": "IMG_5631",
      "rotation": [
        [
          0.9980303389386351,
          -0.034181809666318924,
          -0.052602722799959346
        ],
        [
          -0.061616996762089433,
          -0.691596024189829,
          -0.7196515024891166
        ],
        [
          -0.011780843265848088,
          0.7214752547473529,
          -0.692339994886319
        ]
      ],
      "translation": [
        0.012825341530384103,
        0.01860899991122851,
        0.5064611543816213
      ],
      "center": [
        -0.005686909787286737,
        -0.35209088664126703,
        0.364709955665964
      ]
    },
    {
      "label": "IMG_5632",
      "rotation": [
        [
          0.9938058714806917,
          -0.06993124861943903,
          -0.08636845649326817
        ],
        [
          -0.10906296575527355,
          -0.464542013395892,
          -0.8788094146575552
        ],
        [
          0.02133446299224289,
          0.8827855562120491,
          -0.46929148983570507
        ]
      ],
      "translation": [
        0.018105802485543006,
        -0.1294795080627818,
        0.6628246298690884
      ],
      "center": [
        -0.04625607950815233,
        -0.6440145195439521,
        0.19883391757451113
      ]
    },
    {
      "label": "IMG_5633",
      "rotation": [
        [
          0.9890320612415447,
          -0.08492302269831901,
          -0.12084561246516962
        ],
        [
          -0.14029945025277193,
          -0.2844096560692233,
          -0.9483813641111669
        ],
        [
          0.0461697530323818,
          0.9549341483842577,
          -0.29320492177751983
        ]
      ],
      "translation": [
        -0.031023151601319476,
        -0.19111213265948487,
        0.891846438429901
      ],
      "center": [
        -0.03730636537941645,
        -0.908643334899543,
        0.07649756839174093
      ]
    },
    {
      "label": "IMG_5633(1)",
      "rotation": [
        [
          0.9890291236088238,
          -0.08491444373797573,
          -0.12087567951507731
        ],
        [
          -0.14032571272921437,
          -0.28440876797995396,
          -0.9483777449113631
        ],
        [
          0.04615286557300134,
          0.9549351757793798,
          -0.29320423438041554
        ]
      ],
      "translation": [
        -0.030709607753684667,
        -0.19095707699602657,
        0.8919073607841868
      ],
      "center": [
        -0.03758757201300039,
        -0.9086312686146788,
        0.0766995280957592
      ]
    },
    {
      "label": "IMG_5634",
      "rotation": [
        [
          0.9866759317981632,
          -0.09456268785218575,
          -0.1323952554905061
        ],
        [
          -0.14164695420216328,
          -0.09893412474305452,
          -0.984961003962378
        ],
        [
          0.08004215124218356,
          0.990590701060481,
          -0.11101043643292158
        ]
      ],
      "translation": [
        -0.05216940780661068,
        -0.2340985712114495,
        1.105808824730702
      ],
      "center": [
        -0.07019636773027019,
        -1.123497555601107,
        -0.11472862555720084
      ]
    },
    {
      "label": "IMG_5635",
      "rotation": [
        [
          0.9861014061666091,
          -0.09720786988844787,
          -0.13473918059713366
        ],
        [
          -0.1345282618883347,
          0.008750876421874592,
          -0.9908711161978401
        ],
        [
          0.09749955645817088,
          0.9952256287865582,
          -0.004447954233159696
        ]
      ],
      "translation": [
        -0.03887802055944262,
        -0.2980265735889607,
        1.2037851717508885
      ],
      "center": [
        -0.11912384651545271,
        -1.199209110327864,
        -0.2951899349116247
      ]
    },
    {
      "label": "IMG_5635(1)",
      "rotation": [
        [
          0.9861056324768454,
          -0.09719429456750568,
          -0.13471804148281336
        ],
        [
          -0.1345011117260959,
          0.008810574315242292,
          -0.9908742729149241
        ],
        [
          0.09749426927714436,
          0.9952264279468069,
          -0.0043845837151468975
        ]
      ],
      "translation": [
        -0.03912779547187541,
        -0.2977609103954575,
        1.202986303619233
      ],
      "center": [
        -0.11874930459731516,
        -1.1984233156695594,
        -0.29504025140770235
      ]
    },
    {
      "label": "IMG_5636",
      "rotation": [
        [
          0.9859751603429363,
          -0.08884582117907397,
          -0.1412777521258664
        ],
        [
          -0.12752204553241328,
          0.14502383060244095,
          -0.9811759355287024
        ],
        [
          0.10766202250538899,
          0.9854311282968541,
          0.13166009377802615
        ]
      ],
      "translation": [
        -0.019759675427233364,
        -0.3279207691367459,
        1.4034320712735848
      ],
      "center": [
        -0.17343091334743066,
        -1.3371848879983745,
        -0.5093155680791043
      ]
    },
    {
      "label": "IMG_5636(1)",
      "rotation": [
        [
          0.9859847663550574,
          -0.08891411021302881,
          -0.1411677070749085
        ],
        [
          -0.12739847232858872,
          0.14506942391198827,
          -0.9811852483064478
        ],
        [
          0.10772033124765079,
          0.9854182580259355,
          0.13170872023152896
        ]
      ],
      "translation": [
        -0.021205607042463957,
        -0.3281297128160981,
        1.4028358868254953
      ],
      "center": [
        -0.17200876504814278,
        -1.3366639851669182,
        -0.5097153000181508
      ]
    },
    {
      "label": "IMG_5637",
      "rotation": [
        [
          0.9840585596284438,
          -0.09602177215893314,
          -0.14969492474179266
        ],
        [
          -0.11998452247785443,
          0.2628419228120402,
          -0.9573493813536575
        ],
        [
          0.13127248602717304,
          0.9600489273385642,
          0.24713071749242002
        ]
      ],
      "translation": [
        -0.03779543804912254,
        -0.3451934826584596,
        1.6149207313973983
      ],
      "center": [
        -0.21621960999945425,
        -1.4633007821317474,
        -0.73522507136836
      ]
    },
    {
      "label": "IMG_5637(1)",
      "rotation": [
        [
          0.9840580483647531,
          -0.0960365065640976,
          -0.14968883343628622
        ],
        [
          -0.11997503290848527,
          0.2628409990837501,
          -0.9573508242432673
        ],
        [
          0.13128499124865733,
          0.9600477064227689,
          0.2471288175531537
        ]
      ],
      "translation": [
        -0.03789536615551911,
        -0.34539882573122277,
        1.6149654559524043
      ],
      "center": [
        -0.21616872117418306,
        -1.4632982480821015,
        -0.7354448671776107
      ]
    },
    {
      "label": "IMG_5638",
      "rotation": [
        [
          0.9837442219700477,
          -0.10255863517023481,
          -0.14740770703244271
        ],
        [
          -0.09898833144531015,
          0.37518842548219833,
          -0.9216479564464203
        ],
        [
          0.1498286220260242,
          0.92125749480599,
          0.35893733754734236
        ]
      ],
      "translation": [
        -0.03358502566747267,
        -0.3464416529122512,
        1.7933857656355834
      ],
      "center": [
        -0.2699551242461129,
        -1.5256336137871753,
        -0.9679610449713026
      ]
    },
    {
      "label": "IMG_5638(1)",
      "rotation": [
        [
