{
  "cameras": [
    {
      "label": "IMG_5581",
      "rotation": [
        [
          0.9937503628835498,
          0.09271033639910586,
          -0.0621692029350295
        ],
        [
          0.014030122470924052,
          0.44878965220133854,
          0.893527282034775
        ],
        [
          0.110740109862069,
          -0.8888153022995084,
          0.44468414235946224
        ]
      ],
      "translation": [
        0.6030537934440439,
        -8.207714402825887,
        16.976422271972524
      ],
      "center": [
        -2.3641005552584176,
        18.71653186578256,
        -0.17783766260412115
      ]
    },
    {
      "label": "IMG_5582",
      "rotation": [
        [
          0.9920331292233365,
          0.08640844053378183,
          -0.09167252547995963
        ],
        [
          0.027565754036943113,
          0.5611655851443279,
          0.8272444108327348
        ],
        [
          0.12292436588296363,
          -0.8231808838002399,
          0.5543129376247029
        ]
      ],
      "translation": [
        0.5324420411315118,
        -7.20405377338123,
        16.1034047140521
      ],
      "center": [
        -2.309115782839397,
        17.252674489408243,
        -2.918002046855383
      ]
    },
    {
      "label": "IMG_5583",
      "rotation": [
        [
          0.9903759944382249,
          0.05775603108591534,
          -0.12577611265140443
        ],
        [
          0.03161313351049974,
          0.7903428132327208,
          0.611848712804919
        ],
        [
          0.13474419998702475,
          -0.6099364544316008,
          0.7809107004807042
        ]
      ],
      "translation": [
        0.4777225845904759,
        -7.605404769694653,
        16.494128429983892
      ],
      "center": [
        -2.455182443175063,
        16.043655854531814,
        -8.16699817776378
      ]
    },
    {
      "label": "IMG_5584",
      "rotation": [
        [
          0.991055920540528,
          0.02476669811426285,
          -0.13112884132060415
        ],
        [
          0.020427170612487833,
          0.9428915817810717,
          0.332472849578965
        ],
        [
          0.13187453530661453,
          -0.33217777720808705,
          0.9339523709840661
        ]
      ],
      "translation": [
        0.4175949230249762,
        -8.31043257102021,
        17.21841516084213
      ],
      "center": [
        -2.5147717949121855,
        13.54506933995614,
        -13.263427727537934
      ]
    },
    {
      "label": "IMG_5585",
      "rotation": [
        [
          0.9937228376260463,
          0.11002361833913932,
          -0.020241674535515536
        ],
        [
          -0.008809407076163761,
          0.25733802303191794,
          0.9662812925069961
        ],
        [
          0.11152271664286502,
          -0.9600374707841292,
          0.2566919133182958
        ]
      ],
      "translation": [
        -0.16540261911636794,
        -7.806900756006577,
        21.83504582931067
      ],
      "center": [
        -2.3395134356499607,
        22.989672773622036,
        1.9354344356859752
      ]
    },
    {
      "label": "IMG_5586",
      "rotation": [
        [
          0.9923100175466018,
          0.11307238722010438,
          -0.05035339437425716
        ],
        [
          0.013688051878624347,
          0.30406598866237816,
          0.9525526293987847
        ],
        [
          0.12301815440182344,
          -0.9459167562672292,
          0.30017998584258093
        ]
      ],
      "translation": [
        -0.46301715866069726,
        -7.94465132547536,
        24.5355853477806
      ],
      "center": [
        -2.450119062316728,
        25.676674020602555,
        0.1792923618097877
      ]
    },
    {
      "label": "IMG_5587",
      "rotation": [
        [
          0.9927580689146693,
          0.08849846392699076,
          -0.08123692810156757
        ],
        [
          0.014506473097860913,
          0.5829740993420104,
          0.8123612261393529
        ],
        [
          0.11925174566050249,
          -0.8076566234353154,
          0.5774684405038842
        ]
      ],
      "translation": [
        -0.5332166273705717,
        -8.042865994771775,
        25.458002207375625
      ],
      "center": [
        -2.38988247577401,
        25.297295514110985,
        -8.210797232670604
      ]
    },
    {
      "label": "IMG_5588",
      "rotation": [
        [
          0.9946860179732878,
          0.047738556748856006,
          -0.09121817717966826
        ],
        [
          0.005352910720775754,
          0.8608222933788832,
          0.5088775152909933
        ],
        [
          0.10281571861957911,
          -0.5066616320794934,
          0.8559923589514593
        ]
      ],
      "translation": [
        -0.551741542799865,
        -8.524221035062304,
        25.690266464682395
      ],
      "center": [
        -2.046924215771911,
        20.380451181175562,
        -17.70321623088983
      ]
    },
    {
      "label": "IMG_5589",
      "rotation": [
        [
          0.9944956818897457,
          -0.02927192463670912,
          -0.10060563170475181
        ],
        [
          0.028701067805537373,
          0.9995627010702439,
          -0.007117256211493561
        ],
        [
          0.1007699727571229,
          0.004190591512056141,
          0.9949009254862051
        ]
      ],
      "translation": [
        -0.4515492144055319,
        -9.090308383894754,
        25.513494992366873
      ],
      "center": [
        -1.8610288941333848,
        8.96619885163558,
        -25.493526228064184
      ]
    },
    {
      "label": "IMG_5590",
      "rotation": [
        [
          0.9937115183916975,
          -0.047182474691507506,
          -0.10154423813122831
        ],
        [
          0.035258225315767805,
          0.9926027015473887,
          -0.11617544675364011
        ],
        [
          0.10627453017185684,
          0.11186460996584446,
          0.9880243080379857
        ]
      ],
      "translation": [
        -0.4651430346847244,
        -9.70656037000718,
        25.623923085399237
      ],
      "center": [
        -1.9187163032279049,
        6.746401284797022,
        -26.49195545817602
      ]
    },
    {
      "label": "IMG_5591",
      "rotation": [
        [
          0.9935012224680562,
          -0.08355520307885589,
          -0.07729067856429098
        ],
        [
          0.05477578154064047,
          0.9462282359273528,
          -0.3188286989755197
        ],
        [
          0.09977441912178348,
          0.3125230448659136,
          0.9446557106780488
        ]
      ],
      "translation": [
        -0.367429375930385,
        -9.99386933368427,
        25.384699999241924
      ],
      "center": [
        -1.620280159479992,
        1.4924769768066941,
        -27.19453304131296
      ]
    },
    {
      "label": "IMG_5592",
      "rotation": [
        [
          0.9923224538023189,
          -0.10893898047565935,
          -0.05855293513283014
        ],
        [
          0.05608208876730092,
          0.8183098006642313,
          -0.5720348498617582
        ],
        [
          0.11023133401733864,
          0.5643592549695552,
          0.8181367149388701
        ]
      ],
      "translation": [
        -0.31587594809439984,
        -10.056384353879503,
        25.134559344875715
      ],
      "center": [
        -1.8931821706010803,
        -5.990094513578287,
        -26.334603591775085
      ]
    },
    {
      "label": "IMG_5593",
      "rotation": [
        [
          0.9928927135423742,
          -0.11790607375739401,
          -0.0161931209338188
        ],
        [
          0.07022855413091181,
          0.6902972577187748,
          -0.7201094681856511
        ],
        [
          0.09608334704381871,
          0.7138542244443575,
          0.6936714904504883
        ]
      ],
      "translation": [
        -0.2502474574430436,
        -10.186373666553566,
        24.978727065686723
      ],
      "center": [
        -1.4361965298482495,
        -10.829049724137288,
        -24.666387244314823
      ]
    },
    {
      "label": "IMG_5594",
      "rotation": [
        [
          0.995874946371391,
          0.023401471535741278,
          -0.08766676861696447
        ],
        [
          0.01249810615053472,
          0.921583060613056,
          0.3879799733668252
        ],
        [
          0.08987151123926015,
          -0.38747520374990974,
          0.9174890069894772
        ]
      ],
      "translation": [
        0.0950438017716577,
        -12.763635828825548,
        22.32729564248398
      ],
      "center": [
        -1.941718266812636,
        20.41179983511365,
        -15.524681035873122
      ]
    },
    {
      "label": "IMG_5595",
      "rotation": [
        [
          0.9948394829054245,
          0.04646232986677659,
          -0.09019786669217066
        ],
        [
          0.033960103667593236,
          0.6852287245213806,
          0.7275357767489441
        ],
        [
          0.0956091763972165,
          -0.7268444448395774,
          0.6801147244358804
        ]
      ],
      "translation": [
        0.06679746374373609,
        -12.457939239253646,
        21.88883025990929
      ],
      "center": [
        -1.7361528796889785,
        24.44320892773542,
        -5.817294270590283
      ]
    },
    {
      "label": "IMG_5596",
      "rotation": [
        [
          0.9900685243342897,
          -0.0682084143542489,
          -0.12293058746220327
        ],
        [
          0.017532814589912293,
          0.9274976224644219,
          -0.3734176759814695
        ],
        [
          0.13948805516989313,
          0.3675537682219093,
          0.9194820878792562
        ]
      ],
      "translation": [
        0.26101965096451213,
        -13.169705965374414,
        20.46382032332562
      ],
      "center": [
        -2.8819838260049386,
        4.711120435893448,
        -23.70182993279456
      ]
    },
    {
      "label": "IMG_5597",
      "rotation": [
        [
          0.10953370890447478,
          0.9936665380935172,
          -0.02508341457764928
        ],
        [
          -0.5823837458922617,
          0.04370629765246073,
          -0.8117382164626795
        ],
        [
          -0.8055008002070061,
          0.10352087045016076,
          0.5834825535070552
        ]
      ],
      "translation": [
        0.2118505372995869,
        -13.06618096651164,
        20.483272158401462
      ],
      "center": [
        8.866555923583215,
        -1.7598805589937196,
        -22.552636442043244
      ]
    },
    {
      "label": "IMG_5597(1)",
      "rotation": [
        [
          0.10953437475951186,
          0.9936667220340751,
          -0.025073218144045548
        ],
        [
          -0.5823943954267883,
          0.0437163898396076,
          -0.8117300323598096
        ],
        [
          -0.8054930098526669,
          0.10351484329045539,
          0.5834943772625781
        ]
      ],
      "translation": [
        0.21172786528970203,
        -13.066236941141069,
        20.48314174092841
      ],
      "center": [
        8.866132848956525,
        -1.7594874334184754,
        -22.55274627060394
      ]
    },
    {
      "label": "IMG_5598",
      "rotation": [
        [
          0.9906126050240994,
          -0.13654543795700805,
          0.006481523007458759
        ],
        [
          0.079779657825127,
          0.5389838574173197,
          -0.8385294315889293
        ],
        [
          0.1110039322036521,
          0.8311749183034075,
          0.5448177513799007
        ]
      ],
      "translation": [
        0.2594886149437215,
        -13.062453414293516,
        20.36586755973741
      ],
      "center": [
        -1.4756260109441457,
        -9.851714790000454,
        -22.050619686869346
      ]
    },
    {
      "label": "IMG_5599",
      "rotation": [
        [
          0.9916735065767563,
          -0.1269417529387602,
          0.02166674213155903
        ],
        [
          0.06801185073089017,
          0.37339995487748573,
          -0.9251739630240632
        ],
        [
          0.10935284410530824,
          0.9189441033372633,
          0.3789243861613471
        ]
      ],
      "translation": [
        0.23548179901562252,
        -12.898595515287408,
        20.392265982229546
      ],
      "center": [
        -1.5862159914496967,
        -13.893125122311432,
        -19.665673723494056
      ]
    },
    {
      "label": "IMG_5600",
      "rotation": [
        [
          0.964785525013696,
          -0.1446652260338823,
          0.21968355218498292
        ],
        [
          0.2616384642461517,
          0.6138227101873202,
          -0.7448268218084038
        ],
        [
          -0.027096212852753154,
          0.7760758035365221,
          0.6300572532827317
        ]
      ],
      "translation": [
        2.791255554042177,
        -18.215175648328692,
        24.07356864392653
      ],
      "center": [
        2.725130167549841,
        -7.098228030687869,
        -29.348070858500183
      ]
    },
    {
      "label": "IMG_5601",
      "rotation": [
        [
          0.9891835011511785,
          -0.141456442103454,
          0.03880819549694157
        ],
        [
          0.07226188702098582,
          0.23970643384920692,
          -0.9681523874140177
        ],
        [
          0.12764881799085703,
          0.9604847216685584,
          0.24733555892109227
        ]
      ],
      "translation": [
        0.5813923818992408,
        -14.596162309855888,
        21.36842430167236
      ],
      "center": [
        -2.248011624530518,
        -16.94300935489816,
        -19.43904334450384
      ]
    },
    {
      "label": "IMG_5602",
      "rotation": [
        [
          0.9909829956074785,
          -0.1184962428193908,
          0.06254072956495407
        ],
        [
          0.07263692078244184,
          0.0828905996306042,
          -0.993907956619789
        ],
        [
          0.11259031999276856,
          0.9894886502282717,
          0.09075037693232554
        ]
      ],
      "translation": [
        0.5435616205670374,
        -14.466491974356462,
        21.303680808166575
      ],
      "center": [
        -1.8864471307208945,
        -19.81620416368294,
        -16.345673281390045
      ]
    },
    {
      "label": "IMG_5603",
      "rotation": [
        [
          0.9929699531101075,
          -0.1181456136870954,
          0.007230918821986114
        ],
        [
          0.04513435093498097,
          0.32144809905366667,
          -0.94585094490647
        ],
        [
          0.10942377523275515,
          0.9395279312406222,
          0.32452072943423477
        ]
      ],
      "translation": [
        0.7752161942098046,
        -12.993201126879484,
        17.247920670819234
      ],
      "center": [
        -2.070659283301452,
        -11.936675030194696,
        -17.892544885906666
      ]
    },
    {
      "label": "IMG_5604",
      "rotation": [
        [
          0.9912418335220164,
          -0.13201179605378333,
          -0.003537397145483151
        ],
        [
          0.02491569523157508,
          0.21325654174581077,
          -0.9766784811460445
        ],
        [
          0.12968745354519756,
          0.9680364317035142,
          0.21467797112813078
        ]
      ],
      "translation": [
        0.7884101928386114,
        -12.910536635447919,
        17.063475036420467
      ],
      "center": [
        -2.672748795137304,
        -13.660729646176506,
        -16.269806593138274
      ]
    },
    {
      "label": "IMG_5605",
      "rotation": [
        [
          0.9912398750562188,
          -0.13148820840641506,
          -0.012424216216840166
        ],
        [
          0.005342884713270497,
          0.1339147528460039,
          -0.9909784521134329
        ],
        [
          0.13196576708174101,
          0.9822309759014247,
          0.13344416921792737
        ]
      ],
      "translation": [
        0.7962685136219806,
        -12.916672386787905,
        16.972818171754295
      ],
      "center": [
        -2.9601117800866295,
        -14.836794846103556,
        -15.05517461635219
      ]
    },
    {
      "label": "IMG_5606",
      "rotation": [
        [
          0.9911644627375359,
          -0.13236203745288216,
          0.008561474612038211
        ],
        [
          0.006765614514309473,
          -0.014011581810322804,
          -0.999878943690393
        ],
        [
          0.13246597399503965,
          0.9911023996623627,
          -0.012992271435396774
        ]
      ],
      "translation": [
        0.8384942236965052,
        -12.948609506636032,
        16.798213695639035
      ],
      "center": [
        -2.968672114890091,
        -16.719195601380225,
        -12.735973790799594
      ]
    },
    {
      "label": "IMG_5607",
      "rotation": [
        [
          0.9934243254148087,
          -0.1105841364577607,
          0.02965229228953608
        ],
        [
          0.009104310967431792,
          -0.1818711888993501,
          -0.9832802154880087
        ],
        [
          0.1141280911780313,
          0.9770844484548039,
          -0.17966847077834963
        ]
      ],
      "translation": [
        0.8659467791108734,
        -12.997832248910928,
        16.602089950273577
      ],
      "center": [
        -2.6366811237774472,
        -18.48981512969749,
        -9.823316488497245
      ]
    },
    {
      "label": "IMG_5608",
      "rotation": [
        [
          0.9928789368207285,
          -0.09122278092539687,
          0.07661475744252139
        ],
        [
          0.03413492586833372,
          -0.3983058110950658,
          -0.9166173071046964
        ],
        [
          0.1141324829034342,
          0.9127052564153108,
          -0.3923555673851957
        ]
      ],
      "translation": [
        0.9010866656266233,
        -12.779173744299186,
        16.54713775978369
      ],
      "center": [
        -2.3470197395997703,
        -20.110479143837445,
        -5.290286736503306
      ]
    },
    {
      "label": "IMG_5609",
      "rotation": [
        [
          0.9923826768853501,
          -0.0830275731954401,
          0.09101123396121127
        ],
        [
          0.0345342084752557,
          -0.5216571041076455,
          -0.8524560130464285
        ],
        [
          0.11825401076857427,
          0.8491055810812345,
          -0.5148161818686793
        ]
      ],
      "translation": [
        0.9372151836272211,
        -12.735735419472269,
        16.38885333595205
      ],
      "center": [
        -2.428305209558081,
        -20.48173899042328,
        -2.504704449626008
      ]
    },
    {
      "label": "IMG_5610",
      "rotation": [
        [
          0.9816675643220361,
          -0.12792799793414295,
          0.14129126123933863
        ],
        [
          0.11703519449317668,
          -0.18051672206097058,
          -0.9765840856302683
        ],
        [
          0.15043788222381144,
          0.9752169709356606,
          -0.16223533274564608
        ]
      ],
      "translation": [
        0.9082120650167992,
        -12.88701281249965,
        15.890987740744077
      ],
      "center": [
        -1.7739348169680607,
        -17.70729648859709,
        -10.135494368362934
      ]
    },
    {
      "label": "IMG_5611",
      "rotation": [
        [
          0.9762222756971208,
          -0.14236616455659962,
          0.1634684789865545
        ],
        [
          0.14449846123890445,
          -0.13474739140024566,
          -0.9802873737891444
        ],
        [
          0.16158670468922634,
          0.9805993145522139,
          -0.11097171336608547
        ]
      ],
      "translation": [
        2.237468614962187,
        -17.52673203250783,
        6.111323133020571
      ],
      "center": [
        -0.6391894602111061,
        -8.035900871370682,
        -16.868805707516113
      ]
    },
    {
      "label": "IMG_5612",
      "rotation": [
        [
          0.9775170350420321,
          -0.1179429363120941,
          0.17478532540437802
        ],
        [
          0.11961727213705742,
          -0.37245596153802163,
          -0.9203087878105245
        ],
        [
          0.1736437571844207,
          0.9205248614181311,
          -0.34997403489688905
        ]
      ],
      "translation": [
        2.2175561352282167,
        -17.36675042209695,
        5.916851472391848
      ],
      "center": [
        -1.117759907339519,
        -11.653413526882417,
        -14.299624916187724
      ]
    },
    {
      "label": "IMG_5613",
      "rotation": [
        [
          0.9751765135654381,
          -0.1057527817526272,
          0.1945433538878638
        ],
        [
          0.08873979846086578,
          -0.6182929755068425,
          -0.78092191966164
        ],
        [
          0.2028694544762281,
          0.7788004529983762,
          -0.593560307677359
        ]
      ],
      "translation": [
        2.249916315599559,
        -17.20619450829259,
        5.636036031640977
      ],
      "center": [
        -1.8105708706634045,
        -14.789881705153608,
        -10.529073430469683
      ]
    },
    {
      "label": "IMG_5614",
      "rotation": [
        [
          0.9972189216329205,
          0.05606675706334982,
          -0.04910133490726356
        ],
        [
          0.01437743272568489,
          0.5017318663226359,
          0.8649037077875333
        ],
        [
          0.0731280504696683,
          -0.8632042939355685,
          0.49953041465530607
        ]
      ],
      "translation": [
        0.613307833567174,
        -6.426742478498524,
        14.596845633815114
      ],
      "center": [
        -1.5866409829965553,
        15.790175145826229,
        -1.7029407201329123
      ]
    },
    {
      "label": "IMG_5615",
      "rotation": [
        [
          0.9943916937767054,
          0.060532037302387716,
          -0.08672388256943281
        ],
        [
          0.02054728234830492,
          0.6938079217580447,
          0.7198669160989979
        ],
        [
          0.10374472775034628,
          -0.7176116220949913,
          0.6886730656111082
        ]
      ],
      "translation": [
        0.6259955279303293,
        -1.3495498152014314,
        13.568766622248395
      ],
      "center": [
        -2.002443171352382,
        10.635540193566099,
        -8.318659080061238
      ]
    },
    {
      "label": "IMG_5616",
      "rotation": [
        [
          0.9871659859470276,
          0.026740794672672208,
          -0.15744283435426829
        ],
        [
          0.05813660992126362,
          0.8580573388865153,
          0.5102526215217861
        ],
        [
          0.1487395400560806,
          -0.5128572248523622,
          0.8454903997921202
        ]
      ],
      "translation": [
        0.23911296504228444,
        2.126617414120468,
        14.851086764076046
      ],
      "center": [
        -2.568622327566789,
        5.785333393973987,
        -13.60391677308786
      ]
    },
    {
      "label": "IMG_5617",
      "rotation": [
        [
          0.9802185704518529,
          0.14722835038572024,
          0.13227005323966767
        ],
        [
          -0.08369081802717238,
          -0.2972839386989989,
          0.9511141397169701
        ],
        [
          0.17935272821807782,
          -0.9433695313260387,
          -0.2790815763292571
        ]
      ],
      "translation": [
        0.5587583681800931,
        -0.301268047639597,
        16.756603799505854
      ],
      "center": [
        -3.5782613053486916,
        15.635842248338129,
        4.8890927031385685
      ]
    },
    {
      "label": "IMG_5618",
      "rotation": [
        [
          0.9863530921772279,
          0.12488709953291964,
          0.1072883494265559
        ],
        [
          -0.12287702439101476,
          0.12465767488524354,
          0.9845616796163734
        ],
        [
          0.10958473629675852,
          -0.9843087302581743,
          0.13830223826211374
        ]
      ],
      "translation": [
        0.7549469079283436,
        -5.309363071792722,
        16.56541243636771
      ],
      "center": [
        -3.2123593062245854,
        16.87304980746281,
        2.855364798316368
      ]
    },
    {
      "label": "IMG_5619",
      "rotation": [
        [
          0.9910121475602806,
          0.11152839007323094,
          0.07386705351937153
        ],
        [
          -0.08809157141970761,
          0.12853274212591415,
          0.9877850015293808
        ],
        [
          0.10067173601744941,
          -0.985414000514132,
          0.1372022199454747
        ]
      ],
      "translation": [
        0.8304821632110935,
        -7.540957819786398,
        16.50876048746874
      ],
      "center": [
        -3.149278314198802,
        17.144601363671736,
        5.122461173725057
      ]
    },
    {
      "label": "IMG_5620",
      "rotation": [
        [
          0.9890161337653209,
          0.11438955541615824,
          0.09360617908872798
        ],
        [
          -0.047803314056973065,
          -0.3517170950488024,
          0.9348849812760935
        ],
        [
          0.13986397076112117,
          -0.9290910152735976,
          -0.34238568168194033
        ]
      ],
      "translation": [
        0.8387222251414416,
        -7.578848927080516,
        16.0642023942565
      ],
      "center": [
        -3.4386070418350427,
        12.163554321142257,
        12.506995341909896
      ]
    },
    {
      "label": "IMG_5621",
      "rotation": [
        [
          0.9853347649343486,
          0.09359588744680877,
          0.14267168907956534
        ],
        [
          -0.05362412471972938,
          -0.6239170545405504,
          0.779648614634495
        ],
        [
          0.16198720400023808,
          -0.7758655288814473,
          -0.609748166732543
        ]
      ],
      "translation": [
        0.9319659080794163,
        -7.70300667858786,
        15.520915719724618
      ],
      "center": [
        -3.845555140775296,
        7.148878069360921,
        15.33652324132342
      ]
    },
    {
      "label": "IMG_5622",
      "rotation": [
        [
          0.9654707611338464,
          0.12165660360960334,
          0.23036032686599398
        ],
        [
          -0.08203486630537057,
          -0.697297555438553,
          0.7120719064038954
        ],
        [
          0.24725794245259686,
          -0.7063821840743114,
          -0.6632403183737507
        ]
      ],
      "translation": [
        1.3390003801203019,
        -10.357726500884032,
        14.911761752682956
      ],
      "center": [
        -5.82951195419259,
        3.1480872278110112,
        16.957075102619402
      ]
    },
    {
      "label": "IMG_5623",
      "rotation": [
        [
          0.9900217490483713,
          0.13965517153288798,
          -0.018798124250093754
        ],
        [
          0.006411589133438818,
          0.0886194429543611,
          0.9960449216050664
        ],
        [
          0.14076870368084765,
          -0.9862266612673671,
          0.08683976433314033
        ]
      ],
      "translation": [
        1.8690215724990875,
        -8.27500183620274,
        5.963656587623188
      ],
      "center": [
        -2.6368123013999636,
        6.35382465022133,
        7.759525122335306
      ]
    },
    {
      "label": "IMG_5624",
      "rotation": [
        [
          0.9918111469349398,
          0.11863159173072242,
          0.04729898792822125
        ],
        [
          -0.0007657498186843179,
          -0.36482276219385623,
          0.9310766702116753
        ],
        [
          0.12771085483549935,
          -0.9234884393584363,
          -0.3617444400796033
        ]
      ],
      "translation": [
        1.9283243004056776,
        -8.400359246569822,
        5.592870009979818
      ],
      "center": [
        -2.6332363195761648,
        1.8715483521664038,
        9.753360358269658
      ]
    },
    {
      "label": "IMG_5625",
      "rotation": [
        [
          0.9936185646710528,
          0.11107067611289104,
          -0.019632953136579357
        ],
        [
          0.06379199559507578,
          -0.4098322643249959,
          0.9099275226171832
        ],
        [
          0.09302004751146764,
          -0.9053733042375792,
          -0.4143023663158255
        ]
      ],
      "translation": [
        1.755257503871968,
        -5.655710501874181,
        3.842408461060213
      ],
      "center": [
        -1.7406883998090643,
        0.9659637655634774,
        6.772666451695703
      ]
    },
    {
      "label": "IMG_5626",
      "rotation": [
        [
          0.9963590429258536,
          0.07843750122130724,
          -0.033409818647174586
        ],
        [
          0.07196619374034582,
          -0.5636651457553404,
          0.8228623642014128
        ],
        [
          0.04571131739959691,
          -0.8222707351370157,
          -0.5672577135648533
        ]
      ],
      "translation": [
        1.7146273020398946,
        -5.510256154816435,
        3.757689551306859
      ],
      "center": [
        -1.483601195407492,
        -0.15059226998193553,
        6.723046177277153
      ]
    },
    {
      "label": "IMG_5627",
      "rotation": [
        [
          0.9978388100396031,
          0.06205802033206619,
          -0.02159887245241238
        ],
        [
          0.05992454522798113,
          -0.724571607447537,
          0.6865894221149292
        ],
        [
          0.026958450585491046,
          -0.686399874558087,
          -0.7267244692100807
        ]
      ],
      "translation": [
        1.759020669080884,
        -5.5264891518241965,
        3.5515104139019513
      ],
      "center": [
        -1.5197899601373321,
        -1.6757421661309406,
        6.413391376585006
      ]
    },
    {
      "label": "IMG_5628",
      "rotation": [
        [
          0.9981806229649254,
          0.05498839638180303,
          -0.02473297799924045
        ],
        [
          0.059845423925247124,
          -0.8535736187893778,
          0.5175235284912302
        ],
        [
          0.007346371387335362,
          -0.5180621136216809,
          -0.8553114504420454
        ]
      ],
      "translation": [
        1.811868822753195,
        -5.575105940587381,
        3.0950359180183087
      ],
      "center": [
        -1.4976650550947996,
        -3.254974264435128,
        5.5772810700263316
      ]
    },
    {
      "label": "IMG_5629",
      "rotation": [
        [
          0.9995725047069115,
          0.01908931830869541,
          -0.022145106919155923
        ],
        [
          0.025994726251118126,
          -0.9269436558925274,
          0.37429898878800644
        ],
        [
          -0.013382153828176242,
          -0.3747146337242563,
          -0.9270436134464306
        ]
      ],
      "translation": [
        1.812777670694931,
        -5.680876891434995,
        3.067212593984317
      ],
      "center": [
        -1.6232839663577199,
        -4.151128040691662,
        5.0099304775670905
      ]
    },
    {
      "label": "IMG_5630",
      "rotation": [
        [
          0.9990777551590129,
          0.03738818499074848,
          -0.02111309474058241
        ],
        [
          0.04098948966605602,
          -0.976914084710436,
          0.20966337980507885
        ],
        [
          -0.012786746393962932,
          -0.21033543381339742,
          -0.9775456533580342
        ]
      ],
      "translation": [
        1.8253000982942287,
        -5.970942507349385,
        3.040429958181951
      ],
      "center": [
        -1.5399936316898313,
        -5.261832337931065,
        4.26258481057828
      ]
    },
    {
      "label": "IMG_5631",
      "rotation": [
        [
          0.9996669799870741,
          0.006307234094846684,
          -0.025022947899783956
        ],
        [
          0.006166324553443705,
          -0.999964717596981,
          -0.005704384514641697
        ],
        [
          -0.025058043918552306,
          0.005548185222402691,
          -0.9996706017862651
        ]
      ],
      "translation": [
        1.8192938198125899,
        -6.334168494121835,
        3.0362987940793342
      ],
      "center": [
        -1.7035457113183596,
        -6.362265669545212,
        3.0446902044767685
      ]
    },
    {
      "label": "IMG_5632",
      "rotation": [
        [
          0.998089757988911,
          -0.038097485081491786,
          -0.04863554901616918
        ],
        [
          -0.05022201771047846,
          -0.9588050320281508,
          -0.27959016344390103
        ],
        [
          -0.03598032705141892,
          0.28149865397185164,
          -0.9588868149460127
        ]
      ],
      "translation": [
        1.831904240900392,
        -6.547037280112011,
        3.050635470505126
      ],
      "center": [
        -2.0474474207486466,
        -7.0662911232648495,
        1.1838225751553997
      ]
    },
    {
      "label": "IMG_5633",
      "rotation": [
        [
          0.9949884927948663,
          -0.06107848631161958,
          -0.07916639258979796
        ],
        [
          -0.09055025195702504,
          -0.8862210575021447,
          -0.45432685272862783
        ],
        [
          -0.04240932770417394,
          0.4592185272282272,
          -0.8873104266118018
        ]
      ],
      "translation": [
        1.8044408367158675,
        -6.78686084251654,
        3.192578001706975
      ],
      "center": [
        -2.2745547410530405,
        -7.370537446034541,
        -0.10779430611712115
      ]
    },
    {
      "label": "IMG_5633(1)",
      "rotation": [
        [
          0.9949917470665665,
          -0.061033766221529145,
          -0.07915998136835045
        ],
        [
          -0.09051131059854547,
          -0.8861837953029,
          -0.4544072882297118
        ],
        [
          -0.04241610452594041,
          0.4592963752560678,
          -0.8872698088819895
        ]
      ],
      "translation": [
        1.804343480655967,
        -6.785874604188386,
        3.1920689078975837
      ],
      "center": [
        -2.2741101476571384,
        -7.369511911972488,
        -0.10849271099685298
      ]
    },
    {
      "label": "IMG_5634",
      "rotation": [
        [
          0.9930969913227646,
          -0.07896959687789186,
          -0.08673043637971267
        ],
        [
          -0.11562313272936185,
          -0.7835028133420315,
          -0.6105363483552556
        ],
        [
          -0.019739731596972246,
          0.6163498554019987,
          -0.7872249988042902
        ]
      ],
      "translation": [
        1.7815832699821064,
        -6.993140118678311,
        3.327052195565352
      ],
      "center": [
        -2.512178635997593,
        -7.389082184096209,
        -1.4959100764664064
      ]
    },
    {
      "label": "IMG_5635",
      "rotation": [
        [
          0.9924376120417775,
          -0.0863709257236488,
          -0.08722184012306877
        ],
        [
          -0.12273029575897418,
          -0.7109608276697941,
          -0.6924391496889802
        ],
        [
          -0.002204701278846005,
          0.697907418436516,
          -0.7161845953268955
        ]
      ],
      "translation": [
        1.7951096657144743,
        -7.0978674638775665,
        3.3404753226449184
      ],
      "center": [
        -2.645292972878691,
        -7.222602951983671,
        -2.3658715758782063
      ]
    },
    {
      "label": "IMG_5635(1)",
      "rotation": [
        [
          0.9924349167713185,
          -0.08635639049622168,
          -0.08726688830003623
        ],
        [
          -0.1227512524064607,
          -0.7109816567957351,
          -0.6924140479024362
        ],
        [
          -0.002250778921235777,
          0.6978879978337896,
          -0.7162033764747218
        ]
      ],
      "translation": [
        1.795609303450169,
        -7.098250401824941,
        3.3407072604808334
      ],
      "center": [
        -2.6458253028581384,
        -7.223102994218871,
        -2.3656052374680194
      ]
    },
    {
      "label": "IMG_5636",
      "rotation": [
        [
          0.9923946454469917,
          -0.08400765224742751,
          -0.08997545249685857
        ],
        [
          -0.1225614162200936,
          -0.6062053345949004,
          -0.78580773193117
        ],
        [
          0.011470263391227739,
          0.7908589044023971,
          -0.611891024926151
        ]
      ],
      "translation": [
        1.7834775952296222,
        -7.240762843567914,
        3.4469209600784194
      ],
      "center": [
        -2.696888855702913,
        -6.96559143074556,
        -3.420238224804981
      ]
    },
    {
      "label": "IMG_5636(1)",
      "rotation": [
        [
          0.9923904954423365,
          -0.08391805459654128,
          -0.0901047427633292
        ],
        [
          -0.12260907470999236,
          -0.6062174400833895,
          -0.7857909582945717
        ],
        [
          0.011318982042274647,
          0.7908591375532522,
          -0.6118935407356844
        ]
      ],
      "translation": [
        1.7846372781666242,
        -7.2404286151896775,
        3.447553283577313
      ],
      "center": [
        -2.6978221193833933,
        -6.966039828181434,
        -3.419123471555227
      ]
    },
    {
      "label": "IMG_5637",
      "rotation": [
        [
          0.9904103503465821,
          -0.09765504636381797,
          -0.09772834719794128
        ],
        [
          -0.13397925588219617,
          -0.5062564019983122,
          -0.8519119757515888
        ],
        [
          0.03371790206424164,
          0.8568360096047574,
          -0.5144853309133142
        ]
      ],
      "translation": [
        1.7612380092419204,
        -7.416842692166217,
        3.5976133218749626
      ],
      "center": [
        -2.8593553923207327,
        -6.665394958889564,
        -4.295454951653662
      ]
    },
    {
      "label": "IMG_5637(1)",
      "rotation": [
        [
          0.9904105080520147,
          -0.09765441415753147,
          -0.09772738068575901
        ],
        [
          -0.13397816630914489,
          -0.5062581377798341,
          -0.8519111156007615
        ],
        [
          0.03371759915220816,
          0.8568350560797823,
          -0.5144869387848124
        ]
      ],
      "translation": [
        1.761225848980113,
        -7.4168511596991396,
        3.59763536296124
      ],
      "center": [
        -2.859336333111216,
        -6.665429875795738,
        -4.295441551933301
      ]
    },
    {
      "label": "IMG_5638",
      "rotation": [
        [
          0.9892391328162164,
          -0.11067309545484633,
          -0.09569432609858394
        ],
        [
          -0.1324862384001222,
          -0.4001053994189483,
          -0.9068423600551476
        ],
        [
          0.06207523451108044,
          0.9097621311630012,
          -0.4104625804651968
        ]
      ],
      "translation": [
        1.7638727240037828,
        -7.547960795783187,
        3.730546410711752
      ],
      "center": [
        -2.976467400615988,
        -6.2186764676531325,
        -5.144768263718616
      ]
    },
    {
      "label": "IMG_5638(1)",
      "rotation": [
        [
          0.9892389597053537,
          -0.11066673535934589,
          -0.09570347060568765
        ],
        [
          -0.13249520685788266,
